Temp Co Co2Ni CoNi2 Ni
400.0 0.0 0.0 -0.021
420.0 0.0 0.0 -0.002
440.0 0.0 0.0 0.014
460.0 0.0 0.0 0.038
480.0 0.0 0.0 0.079
500.0 0.0 0.0 0.148
520.0 0.0 0.0 0.248
540.0 0.0 0.0 0.374
560.0 0.0 0.0 0.509
580.0 0.0 0.0 0.634
600.0 0.0 0.0 0.737
620.0 0.0 0.0 0.815
640.0 0.0 0.0 0.871
660.0 0.0 0.0 0.909
680.0 0.0 0.0 0.936
700.0 0.0 0.0 0.954
720.0 0.0 0.0 0.967
740.0 0.0 0.0 0.976
760.0 0.0 0.0 0.982
780.0 0.0 0.0 0.986
800.0 0.0 0.0 0.99
820.0 0.0 0.0 0.992
840.0 0.0 0.0 0.994
860.0 0.0 0.0 0.995
880.0 0.0 0.0 0.996
