Temp Th_NH3 Th_NH2 Th_NH Th_N Th_NN Th_NNH Th_N2 Th_H Th P_N2 P_H2 P_NH3
240 0.9978000473253412 2.4835111162854053e-10 5.850288373365196e-5 2.2642378022129701e-10 3.60407173570007e-49 4.0153115296656505e-45 1.887998146018434e-49 0.00011670528386908605 0.002024744039100405 5.058049755173127e-40 1.5070561033510737e-7 99999.00214144953
260 0.8803329091834159 1.5185534944418901e-9 0.036902978801117606 0.0001196179748690481 1.0048736511302937e-35 3.2307764692739896e-34 1.2827441039821155e-34 0.05442561393519238 0.028218880938322297 1.446243926444666e-25 0.009869599555103222 99999.08264449023
280 0.11041168771306353 4.877514765636812e-8 0.7328186497728215 0.011229975178133305 4.590158291310688e-30 6.697261789511376e-29 4.230384764565542e-28 0.10687715905684793 0.038666202131187453 1.6172716627605236e-18 0.6962250574028601 99999.14554212909
300 0.00298716749437007 5.921341911985853e-8 0.9176193039856125 0.06492147124529642 4.7037975040386975e-27 2.89483486193003e-26 1.603920145674873e-25 0.005983897564310928 0.008488068761784795 1.0749999118297791e-14 1.0120095916838379 99999.01447156775
320 0.0001498710119529668 4.256954192131856e-8 0.7626318292614279 0.23400563456364912 1.2233184126555469e-24 3.121007641867966e-24 1.8249260754195963e-23 0.0005053430103479693 0.002708288657014297 1.2641171594293542e-11 1.1133876309253632 99999.00321288804
340 1.3894431373412891e-5 2.3474928276418287e-8 0.4727988797847126 0.5258069869398344 8.702592784743621e-23 1.0303877996580684e-22 8.0547798429012e-22 7.570592001942418e-5 0.001304528639332621 3.3595038897665324e-9 1.2614715290561769 99999.00137984157
360 1.8201222438817105e-6 9.645822877575042e-9 0.21908001620847528 0.7801538974139978 2.014504627712816e-21 1.184530988075319e-21 1.3307065931680469e-20 1.50851538814e-5 0.0007493087754464075 2.5157239476267135e-7 1.3893040792822862 99999.00076397909
380 3.0454624208039495e-7 3.371427342302976e-9 0.08767576367578929 0.9118443852206464 2.2616126877159408e-20 6.903203468403104e-21 1.1467894046481785e-19 3.601461757586333e-6 0.0004760799009202751 8.106210785579131e-6 1.455464861091126 99999.00046353316
400 7.855264267048612e-8 1.1566517613167525e-9 0.03462409633847623 0.964962485674838 1.6879737218002244e-19 2.7979927789205684e-20 8.74921898954509e-19 1.2644118750622687e-6 0.00041228133013243627 0.00015684456172664738 1.4825377268996263 99999.00009959568
420 6.15024930920377e-8 4.171302685659579e-10 0.014315749270702116 0.9847083110637115 9.788416861279509e-19 9.234571740062022e-20 1.388456328437547e-17 1.3045210995701482e-6 0.0009745804397601516 0.002160961842073353 1.4978604493418983 99998.99665409548
440 6.202017299781745e-8 1.6635589616961588e-10 0.0063912705015477 0.9909011892869619 4.7262816983958774e-18 2.694702750400744e-19 2.1186091279996802e-16 1.7184788464988413e-6 0.002705704619041484 0.02297886719507519 1.5616787968612478 99998.95674975583
460 6.185342666157592e-8 9.055788238703917e-11 0.0034171697868196895 0.9897272008433913 1.964460626781592e-17 7.950353117484193e-19 2.50241681733866e-15 2.476650658743433e-6 0.006853075045348761 0.1968928762289779 2.0786853614753196 99998.61306978835
480 6.103107230872322e-8 1.064291891547113e-10 0.0027473188693769193 0.9812516247861802 7.149588580396045e-17 3.0383746896525386e-18 2.3556224335003028e-14 4.956936464698152e-6 0.01599602419917326 1.3940856530864032 5.656879237025646 99996.22782970434
500 5.940546007609421e-8 2.2245692720075515e-10 0.0030033431925283187 0.9623915025965958 2.2970050046702727e-16 1.3785775034779176e-17 1.7921312476020425e-13 1.2577339549778094e-5 0.034592564668253625 8.270305390025767 26.257500478006527 99982.4939943608
520 5.665414879365782e-8 4.934136510578751e-10 0.0034204136798881976 0.9271998887051701 6.528278018909204e-16 5.73115355899411e-17 1.1015968708571524e-12 3.12511869235274e-5 0.06934833748794723 41.25519609582933 125.1597928734462 99916.55898740365
540 5.234004527205031e-8 9.648354965373905e-10 0.0036692215928842324 0.8678962908736729 1.6516204112800196e-15 1.976258157961693e-16 5.392410736591414e-12 6.9272136119379e-5 0.12836493234536667 171.8896743949437 516.9745025889808 99655.34908542983
560 4.61185542579878e-8 1.5618580600394783e-9 0.0035617049133688924 0.7783608806646588 3.854288884650219e-15 5.411280482292765e-16 2.0520656349889012e-11 0.00013261893620123327 0.21794684299943368 589.7340141490249 1770.3730743168787 98819.75005210373
580 3.807834772547141e-8 2.0133854410090207e-9 0.0030413786643931954 0.6593365648034594 8.891257917127666e-15 1.1378136248953357e-15 5.928073354783379e-11 0.000215041210549787 0.33741295047471426 1641.274667129888 4924.815948037236 96716.78827628914
600 2.9039174038266376e-8 2.0244155525690316e-9 0.0022468045217795204 0.5221010966254648 2.0490455854735435e-14 1.8023158954025897e-15 1.2866842865868904e-10 0.0002929637133081612 0.47534945963961817 3683.646774360892 11051.725528824032 92632.18212534362
620 2.0400911265048474e-8 1.6004625220552387e-9 0.001438912428738202 0.3861026551727435 4.2780106578789375e-14 2.1677927578977582e-15 2.1289326476824691e-10 0.0003379357169150916 0.6121093086185141 6749.309246839791 20248.5080081623 86500.99403907082
640 1.3389884118996068e-8 1.0359387109856197e-9 0.0008189681666181241 0.26969857608583186 7.452235948863407e-14 2.0651520458987923e-15 2.799706341734171e-10 0.0003386221410327673 0.7290965522837395 10420.779511309725 31262.743686581263 79158.17048495752
660 8.420837762066562e-9 5.829185370528189e-10 0.00043071445052351987 0.18154817005075133 1.0813221574719823e-13 1.6617221630441881e-15 3.1014727955459234e-10 0.0003058045644194041 0.8176516471386364 14141.20336522982 42423.882589140325 71717.41133414261
680 5.201089657844134e-9 3.0231185891668087e-10 0.00021750178282008888 0.12017672711336964 1.3623636290584645e-13 1.2030908625787528e-15 3.063683567309086e-10 0.000258185706169637 0.8792982391097174 17555.737811000956 52667.39382819748 64888.40392764886
700 3.210235493837925e-9 1.5099025471036194e-10 0.0001085125489445089 0.07941304586413535 1.5595824431116676e-13 8.220256282940928e-16 2.819982760159998e-10 0.0002097023746596393 0.9204172765140378 20553.35868277509 61660.19475014541 58893.20335625671
720 1.9986809722874802e-9 7.465723460886503e-11 5.441083290096341e-5 0.05283597941045307 1.6768461283468307e-13 5.458623370494809e-16 2.4892159033545964e-10 0.00016691411875576252 0.9470532648712205 23153.447926914072 69460.42302156791 53693.051233323924
740 1.2609012530587624e-9 3.716819089630199e-11 2.769127272461978e-5 0.03556012105391304 1.7327166886817223e-13 3.585998684089121e-16 2.1465193151212557e-10 0.00013175123070966724 0.9642203357692298 25424.241248154016 76272.77686297189 49151.4820352844
760 8.07611752105926e-10 1.8820637655360244e-11 1.4378213207011728e-5 0.02426732953692384 1.7469072146536266e-13 2.355198716564273e-16 1.8291243642130467e-10 0.00010388604670137463 0.9756526482690956 27432.610198137812 82297.86721379218 45134.75523717316
780 5.250649619248588e-10 9.744072131518423e-12 7.628530881486939e-6 0.016794613310215104 1.7319665035727803e-13 1.5531672347615463e-16 1.5495900286707469e-10 8.210948647347852e-5 0.9830635399900967 29229.61984201635 87688.88441628533 41540.7436854607
800 3.4647425336741423e-10 5.1774699442075435e-12 4.138283426446106e-6 0.011788038074549919 1.6979668247477895e-13 1.0316299849980586e-16 1.310125460571491e-10 6.519366606283871e-5 0.987893657689099 30848.510144687527 92545.54857113805 38302.96755332188
820 2.31874960485697e-10 2.8326845737041652e-12 2.2956506000011603e-6 0.00838956221895076 1.6542698852062542e-13 6.915978519563679e-17 1.1090575804042774e-10 5.209796228147678e-5 0.991560923915626 32328.74842666947 96986.25794241064 35342.494639732344
840 1.5725061841422228e-10 1.5982424237600777e-12 1.3005900338285401e-6 0.006048120785404365 1.602482322829926e-13 4.67801633814831e-17 9.403267132048076e-11 4.188865167834273e-5 0.993927902537096 33678.7506807504 101036.26157981217 32642.4923093459
860 1.0801765253214826e-10 9.320205943427729e-13 7.520486103738271e-7 0.004414700616638621 1.5463613567298878e-13 3.1949738213955146e-17 7.993276604639855e-11 3.3900359637528624e-5 0.9955433444825126 34912.52974326544 104737.59596970823 30174.935933599307
880 7.50836064269324e-11 5.626942485527689e-13 4.4340631602587913e-7 0.0032602324869821305 1.488446347235432e-13 2.203095145338842e-17 6.817079881172596e-11 2.7619046970462958e-5 0.9967039271647338 36047.10188348357 108141.3101924688 27905.793301791087
900 5.279244965007852e-11 3.521538461920249e-13 2.663588664447962e-7 0.002434827286194441 1.4304819425806386e-13 1.5342058326944616e-17 5.835204471834072e-11 2.2652277505230637e-5 0.997708476923787 37090.12069014991 111270.36606202356 25819.755925635716
920 3.751728148734077e-11 2.2845428709716693e-13 1.6281109789570068e-7 0.0018372097955020373 1.3720899082725583e-13 1.0781456998655422e-17 5.0111377340883976e-11 1.869099544368867e-5 0.9982309541694576 38046.7800775679 114140.3430379349 23906.43803558914
940 2.6942837563004443e-11 1.5357842167877925e-13 1.0120143470508292e-7 0.0014002268814477454 1.3145854941443867e-13 7.648108564394024e-18 4.3186422677011696e-11 1.5515594840062626e-5 0.9985622544939503 38923.04485957261 116769.13615698555 22153.909359917787
960 1.953516435326661e-11 1.0679783853532926e-13 6.392046650370282e-8 0.001077311524545097 1.2595365146331918e-13 5.476423522708775e-18 3.736996489043942e-11 1.2960131779666355e-5 0.9990822050709034 39733.48303146833 119200.45069612729 20533.032930804937
980 1.4301018628486386e-11 7.663259017264392e-14 4.098455167078578e-8 0.0008362875540567391 1.2054018015747635e-13 3.956536625150632e-18 3.2439443255272e-11 1.0882843149526497e-5 0.999253496293945 40472.62358138376 121417.87219299143 19054.751894330457
1000 1.0561961531648683e-11 5.655331983234259e-14 2.6657287915714614e-8 0.0006546603406421558 1.1532734148652328e-13 2.883836469988758e-18 2.8259227635249644e-11 9.187876449666788e-6 0.9993579774483056 41152.62383371329 123457.87273422426 17694.751627260852
1020 7.869098548572513e-12 4.27885997597477e-14 1.7580395537257176e-8 0.0005167130818838332 1.1036160533697518e-13 2.121255110492552e-18 2.4706581996219305e-11 7.798271310311359e-6 0.9995931127612044 41776.954396738714 125330.86401208898 16446.090713725873
1040 5.910274733112394e-12 3.306887401709353e-14 1.1746121065588441e-8 0.00041095449974396246 1.0562940958676051e-13 1.5738941490934912e-18 2.167578353179058e-11 6.652225929766118e-6 0.9998832417891306 42352.073367325895 127056.22003734525 15295.853359167037
1060 4.477920835403841e-12 2.604271401201807e-14 7.946342591509741e-9 0.0003292823194482982 1.0097459610199943e-13 1.178061018670651e-18 1.9064012184156353e-11 5.697652293036787e-6 0.9996111083578011 42870.336349276426 128611.0096305188 14259.326977307619
1080 3.415594445710869e-12 2.0814409821074223e-14 5.439705128796651e-9 0.0002656424698253299 9.66689951295081e-14 8.892090061743755e-19 1.6833378097332252e-11 4.905389314421184e-6 0.9998720041891686 43356.06037786474 130068.18189435128 13287.878775376697
1100 2.627106254192658e-12 1.6869358603396867e-14 3.76713835213173e-9 0.00021580677016033384 9.248694515260067e-14 6.773297175201685e-19 1.4901392922769866e-11 4.239697594868427e-6 0.9997892363070503 43793.57980288418 131380.73982440875 12412.840149598149
1120 2.0338977872120838e-12 1.3818583943213072e-14 2.6369323560632813e-9 0.0001764071807944104 8.854577181340813e-14 5.202332408852695e-19 1.3233757341933554e-11 3.680241492644477e-6 0.9998491225187764 44199.57719301108 132598.73176062453 11600.845447085858
1140 1.585636284522755e-12 1.1429442389298887e-14 1.865377237783923e-9 0.00014510610543398046 8.483140676826543e-14 4.0311354452087035e-19 1.1788844892927996e-11 3.20785728902679e-6 1.0000894598005539 44572.81962658664 133718.45810254532 10854.361181052202
1160 1.2446119889799978e-12 9.533370592295724e-15 1.3326372581954636e-9 0.00012005087018392503 8.124089550364144e-14 3.150017297281942e-19 1.0526673364202333e-11 2.805654436268819e-6 0.9999849094790174 44912.955416169556 134738.8656912551 10174.089600505404
1180 9.836687193254861e-13 8.0133213638471e-15 9.613727853809742e-10 9.990416835395852e-5 7.782544175358782e-14 2.4833925886310005e-19 9.424324684372638e-12 2.4626814552907994e-6 0.999858865458498 45223.25545649829 135669.76640197803 9553.489110520273
1200 7.820848706448103e-13 6.777627882281656e-15 6.998959104152649e-10 8.358321851821653e-5 7.460314435029966e-14 1.97428938936842e-19 8.460664351964764e-12 2.169434854768941e-6 0.9998389805218775 45510.19008223254 136530.57095620755 8979.619470131689
