Temp Th_NH3 Th_NH2 Th_NH Th_N Th_NN Th_NNH Th_N2 Th_H Th P_N2 P_H2 P_NH3
240 0.9999807953081404 5.394657139907878e-12 1.9765973772858075e-8 1.608414113028683e-17 1.0159901400712683e-64 4.7955401625908625e-51 4.237579000262635e-58 3.9536238160473106e-8 1.914538425131913e-5 3.2747906075425195e-48 5.520453176710575e-13 99999.00001918552
260 0.999678217334762 2.87466681680734e-11 1.1941927145226515e-5 1.1694551322639881e-11 1.5221442211569813e-50 2.7992656724436822e-40 1.7813989282765165e-43 2.2975681681892414e-5 0.00028686501598087344 6.594376409895196e-34 4.541182194413929e-7 99999.00030984014
280 0.9919116042528363 8.817006007237108e-10 0.002891840913112377 3.3753286752030937e-7 1.621452209722429e-39 1.3036556362181747e-31 8.516429256061204e-32 0.0022609120741637454 0.0029353007778612217 1.6992712707463414e-22 0.001761891616182086 99999.00519620921
300 0.7163130675503753 4.2867675043354033e-7 0.2398599634725147 2.5266783046586175e-5 6.143521036644642e-34 3.100512100246741e-26 7.577948590256266e-26 0.027614720792373704 0.016184669540783583 1.223083936568137e-16 0.2260907175892719 99999.04380125472
320 0.050280809627919004 2.1369290728065467e-6 0.9370222886173035 0.00035091430415341146 4.7657862715183085e-30 4.104007008836825e-23 1.2569246155018925e-22 0.005556825914202828 0.006786931706456233 1.813447782485323e-12 0.934771315585606 99999.01234412704
340 0.0019405822683859805 1.5350847950050895e-6 0.9943905912932128 0.0020889849950364386 4.428279518687015e-27 4.359496499239045e-21 9.145599641902072e-21 0.00029805541799741384 0.0012774553931575738 2.2750028262526668e-9 0.9973758154441713 99999.00157461457
360 0.00015561319525262437 1.0415425590827725e-6 0.9894149668353545 0.009975164334895063 1.8525858652528153e-24 2.552201066041898e-19 5.257853999383433e-19 3.104980186600042e-5 0.0004215632913635 1.139651939779509e-6 1.0043661281633791 99999.00045188221
380 3.777894190601541e-5 7.140038307643421e-7 0.9600354045208278 0.03955133636957939 3.9539164092214755e-22 9.307226635258346e-18 4.3745950866984646e-17 9.525096786896819e-6 0.000364864811061559 0.0002843230615249553 1.0202109727135729 99998.99980648095
400 9.697595613735463e-5 4.996789002872466e-7 0.8750674444817681 0.12184934335844892 3.942778847805748e-20 1.9814950793728208e-16 1.7784169956669535e-14 3.181435871401418e-5 0.002954142279797064 0.03393869655133798 1.1596418918286326 99998.93510869586
420 0.00013750272649502003 6.47029675040054e-7 0.8011003974155299 0.1867763296860987 7.824421558228811e-19 1.7402834941478866e-15 1.0165251765278744e-12 0.00010324288902866167 0.011891300842200102 1.062246608392478 4.26795341927645 99996.88750425343
440 0.00013218570801698266 1.292098762882477e-6 0.7772488769127872 0.19267892002438683 5.885061706844767e-18 9.235684468959456e-15 1.1877841220123436e-11 0.0003176107102822692 0.029626973149199536 10.28201073476471 31.912141311356095 99978.46594047527
460 0.00012414708865290562 2.388340040267958e-6 0.7395370629692157 0.19281291009568396 3.7422623599077894e-17 4.0357993800885695e-14 9.064816614035069e-11 0.000870835394031384 0.06666045812139589 67.9604383407881 204.90963719967363 99863.1466476135
480 0.00011482126427550131 3.848057642775971e-6 0.670275786916603 0.189135883241531 2.4065541268949863e-16 1.4510808665726283e-13 5.307128079260813e-10 0.002096176374635839 0.13836906457152595 355.10810008975506 1066.2772338829839 99288.92431119048
500 0.00010187736119350554 5.0830933682898786e-6 0.553823921026213 0.1783811530087364 1.7529612405842696e-15 4.0910136677995403e-13 2.332371133605871e-9 0.004307558849837075 0.2633886963413451 1452.3861395441315 4357.977657363933 97094.49541298077
520 8.21924868526989e-5 4.9739200146608194e-6 0.38765684808457435 0.15553894161151044 1.1660826441846257e-14 8.184735109385016e-13 7.118744842855373e-9 0.007156590999214064 0.449565591684277 4421.291094027484 13264.490668466497 91156.87459459934
540 5.6607442470130836e-5 3.240878229044726e-6 0.21176553237715914 0.11900044141938373 4.915932372473982e-14 1.027127012861855e-12 1.3768037792227793e-8 0.008970361197670198 0.6602449023893097 9565.807219260401 28697.807358912774 80868.05476423923
560 3.345230215752684e-5 1.4341148491766326e-6 0.09060711243110832 0.07924823606739702 1.1637346926500401e-13 8.125227256656654e-13 1.7135898172382566e-8 0.00846443481229666 0.8215696202527366 15225.377480854544 45676.33764098758 69549.07507729434
580 1.8386479190878712e-5 5.09969995149946e-7 0.03398338667607985 0.04881495371813891 1.8330408236533148e-13 4.857802865346816e-13 1.6104659122902566e-8 0.006664780885733183 0.9103910580390434 19966.11505764416 59898.44906777411 60067.68701041548
600 1.0008548455024326e-5 1.6934077721740648e-7 0.012382128631548422 0.029493925849996806 2.3502825116192174e-13 2.5978525164903325e-13 1.331800242624154e-8 0.0048612266221894 0.9532036268915662 23756.994850432486 71271.0388265189 52485.96841143426
620 5.5234925569206065e-6 5.638769010831558e-8 0.004596395434015514 0.017955311849820858 2.736737463517642e-13 1.3470140996803572e-13 1.0484736334091582e-8 0.0034671791535707047 0.9740237141017896 26930.402359955766 80791.23693927041 46139.17252371747
640 3.108133269329459e-6 1.9321728841468465e-8 0.0017664054720831304 0.011110763827718641 3.032879351428095e-13 6.979914958996702e-14 8.116344712422677e-9 0.0024711743776433593 0.9846321592585363 29697.642392233764 89092.94453464517 40604.70214901783
660 1.7828181604667578e-6 6.871936630522185e-9 0.0007056614509060876 0.0070020944166430885 3.268181746658477e-13 3.654252051501383e-14 6.265345058289746e-9 0.001775739707568491 0.9905488662034865 32177.961037914753 96533.89350722206 35644.07046039883
680 1.0410957907926749e-6 2.5401113232132384e-9 0.00029287027974244837 0.004492424361645435 3.455301306199976e-13 1.9396895376941108e-14 4.847758081817342e-9 0.0012899521678852689 0.993907111430563 34413.42050482666 103240.26819894527 31173.1540510864
700 6.180744578602281e-7 9.752729920907505e-10 0.00012606022371717423 0.002931671655823533 3.603271046598835e-13 1.0455232727811446e-14 3.769233175684964e-9 0.0009482553399460399 0.9959212796870329 36427.57957137004 109282.74258335672 27144.837982300694
720 3.723967256040606e-7 3.884000436653053e-10 5.614052488499818e-5 0.0019433302538340795 3.717517901547104e-13 5.724798927236466e-15 2.948276865519043e-9 0.0007054200868291828 0.997104009741325 38237.93358135717 114713.80317175861 23524.131064594414
740 2.2740244758914156e-7 1.6025079384103542e-10 2.5813738764926e-5 0.0013071282577282821 3.8047109808234464e-13 3.187473711187865e-15 2.3219219451402816e-9 0.0005310612559595879 0.9980557521538159 39859.05806152091 119577.17576451042 20281.88236972335
760 1.4061145802734213e-7 6.841740116893115e-11 1.2227500710801165e-5 0.0008911735585534348 3.866225640678458e-13 1.806783878427289e-15 1.8407644517761914e-9 0.00040427973173362645 0.9987311037815111 41296.34096277737 123889.02389513413 17407.31733624035
780 8.790368469853273e-8 3.020238657048729e-11 5.953415063518979e-6 0.0006150615007251601 3.905351675266852e-13 1.0442982962799216e-15 1.469119699657936e-9 0.0003110597550123107 0.9992030028206069 42566.170396824156 127698.51213023803 14867.65842597677
800 5.5580301329315205e-8 1.3789536495348748e-11 2.975135355556911e-6 0.00042955049180744926 3.9220994757175994e-13 6.179175703213332e-16 1.1797083665963902e-9 0.00024167855789579296 0.9992855710617172 43670.51906531497 131011.55768672746 12658.961527536552
820 3.546759966934504e-8 6.514565058697663e-12 1.522983369675018e-6 0.0003031721954249198 3.923588929319064e-13 3.757310403874083e-16 9.537105860970998e-10 0.000189623687462304 0.9994415435237523 44635.902138858655 133907.70711965047 10728.19516173313
840 2.283365239449209e-8 3.188828786738248e-12 7.975053945290929e-7 0.000216124297217765 3.9125256519637947e-13 2.3619969231282883e-16 7.760980267739737e-10 0.00015017783520726753 0.9997587406581225 45472.96093603849 136418.88296523227 9054.078158930035
860 1.484003658718463e-8 1.6204388495799652e-12 4.2670009421328353e-7 0.00015556436368522412 3.8858499416796663e-13 1.544903377862313e-16 6.351413847383031e-10 0.00011991635776972579 0.9996540604117923 46187.248049524795 138561.74462322268 7625.503645072461
880 9.716673107049674e-9 8.560852207154778e-13 2.329028617474538e-7 0.00011294460821788953 3.851657238555606e-13 1.057023834221205e-16 5.231103100919739e-10 9.657420469404967e-5 0.9998142366433652 46801.685279476296 140405.05657448294 6396.628989044806
900 6.412623807402891e-9 4.709965485659869e-13 1.295607195642929e-7 8.268889416301288e-5 3.8079312370096735e-13 7.592438553721294e-17 4.3328113985893343e-10 7.837169285938632e-5 0.9998054197857195 47323.412374956955 141970.23706504377 5353.175169285477
920 4.263919450414608e-9 2.700271372639211e-13 7.337877306470852e-8 6.101730467616629e-5 3.7566958161429967e-13 5.726129319093555e-17 3.60869722907388e-10 6.406591776244927e-5 0.9996741657258124 47764.85796064037 143294.57417773025 4470.283714420731
940 2.8522864345063934e-9 1.6111936666231113e-13 4.226275380713701e-8 4.535136127700757e-5 3.704415216257407e-13 4.499118945178253e-17 3.023931339258446e-10 5.2771937967035815e-5 1.0000674688992066 48140.35001700797 144421.04986036252 3719.300261020409
960 1.9232310809803807e-9 9.995382361984701e-14 2.474366201564967e-8 3.395737260026816e-5 3.6434278435394106e-13 3.74475886264694e-17 2.5457051053562155e-10 4.3734008002115306e-5 0.9998619097436376 48452.841452885456 145358.52453638622 3094.3170557749286
980 1.3038522743790604e-9 6.41726041403907e-14 1.4705873192693584e-8 2.558953143553417e-5 3.582539148163442e-13 3.102652344426207e-17 2.1551052275414017e-10 3.64918278095316e-5 1.000058392741791 48716.76071789061 146150.2818348244 2566.4781853064733
1000 8.895815077051145e-10 4.248887654024334e-14 8.868284456257247e-9 1.9407884963612027e-5 3.518487718845718e-13 2.5944441822157336e-17 1.833232724905773e-10 3.0630460459475016e-5 1.0001213484359395 48936.85228365971 146810.55700529256 2126.2952930834167
1020 6.112487538910998e-10 2.8905768546965814e-14 5.424817839110037e-9 1.4816202358189465e-5 3.45138331316357e-13 2.535385652625887e-17 1.5665132834821188e-10 2.5853869925641747e-5 0.999961737921609 49119.10378821415 147357.3114899537 1761.7925534034769
1040 4.2215347688529646e-10 2.0090859745035175e-14 3.3617651311223795e-9 1.1374577667841325e-5 3.3845287610824413e-13 2.0784746579681875e-17 1.3449938673428766e-10 2.1946302943222787e-5 0.9999456141516097 49271.424284164 147814.27288476474 1457.151321840469
1060 2.9317787143797666e-10 1.421774893585655e-14 2.1098331173556808e-9 8.782037085683977e-6 3.318030569479948e-13 1.975722781509057e-17 1.1600502134031024e-10 1.872954300609931e-5 1.000032251330285 49397.98563294323 148193.95705456243 1204.0287426188888
1080 2.049396671610207e-10 1.0220811918064022e-14 1.3408802292419068e-9 6.82071268997717e-6 3.250277312096449e-13 1.6476651009488695e-17 1.0046043946051665e-10 1.6061450671292623e-5 0.9999264169108948 49502.23605588595 148506.70850258588 995.527652233806
1100 1.438737047920679e-10 7.42977568726905e-15 8.618138226707976e-10 5.323439637227445e-6 3.1841184645651104e-13 1.7790002816396173e-17 8.737297355339248e-11 1.3842069050129855e-5 1.0000008313230748 49589.100483562004 148767.30166440652 821.7986557485883
1120 1.0151775298412729e-10 5.454094468183628e-15 5.601708981251171e-10 4.176554465244263e-6 3.118809014364204e-13 1.5311681958585833e-17 7.629312626193239e-11 1.1984383473812843e-5 1.0001133832045797 49660.94131065576 148982.8242562106 678.1170094375656
1140 7.207448481759539e-11 4.04106173561484e-15 3.6828209299484375e-10 3.295346302010237e-6 3.0532451103716046e-13 1.4063894318780286e-17 6.685878347960186e-11 1.0419491067825309e-5 1.0000566571632545 49719.89193232741 149159.6757563008 560.2159671066794
1160 5.1376242992892635e-11 3.0123158293723404e-15 2.4464023604056613e-10 2.6126919616567838e-6 2.9895257001286834e-13 1.2732124314752474e-17 5.881263924217165e-11 9.097971059444297e-6 1.0001379910053636 49768.83144529241 149306.4943298463 462.3370861620935
1180 3.684685460437678e-11 2.2616433651825594e-15 1.643184906735149e-10 2.0836044668860673e-6 2.926293274823106e-13 1.2247976466139341e-17 5.190989774560743e-11 7.974857931044043e-6 1.0001198719557582 49808.920490149394 149426.76144540944 382.15909126756003
1200 2.6576823879035365e-11 1.7084717228252712e-15 1.1158405400419992e-10 1.6715916660095696e-6 2.8637591921517616e-13 1.1018337601861082e-17 4.596671972130741e-11 7.016355546986953e-6 1.0000153911688354 49841.84731325723 149525.54161717024 316.305596572324
